function externalDosInit() {
  g_externalDos = `

|startFrame=0|blankFrame=200|
|musicUrl=0001_Positive3rdShort.mp3|
|releaseDate=2020-05-30|
|titlefont=Merriweather|customFont=Merriweather|
|titlesize=36,24|
|hashTag=#festa7_20|
|endFrame=2:28|

|keyExtraList=5|
|color5=0,0,0,0,2$0,0,0,0,2$2,0,0,0,0|
|chara5=left,up,down,right,space$left,down,up,right,space$space,left,down,up,space|
|stepRtn5=0,90,-90,180,onigiri$0,-90,90,180,onigiri$onigiri,0,-90,90,180|
|keyCtrl5=37/0,38/0,40/0,39/0,32/0$37/0,40/0,38/0,39/0,32/0$32/0,37/0,40/0,38/0,39/0|
|shuffle5=0,0,0,0,2$0,0,0,0,2$2,0,0,0,0|
|scroll5=Cross::1,-1,-1,1,1/Split::1,1,-1,-1,-1/Alternate::1,-1,1,-1,1$Cross::1,-1,-1,1,1/Split::1,1,-1,-1,-1/Alternate::1,-1,1,-1,1$Cross::1,1,-1,-1,1/Split::1,1,1,-1,-1/Alternate::1,-1,1,-1,1|
|transKey5=$new$new|

|left_data=619,706,794,881,1099,1143,1317,1405,1928,1972,1994,2103,2234,2277,3063,3106,3128,3586,3630,3761,3935,3979,4110,4154,4459,4503,5113,5550,5724,5943,6030,6183,6292,6335,6357,6444,6641,6684,6706,6793,6903,7077,7121,7143,7230,7252,7426,7448,7601,7775,7797,7884,8299,8473,8648|down_data=663,750,925,968,990,1012,1034,1230,1383,1470,1579,1623,1645,1754,1797,1819,2059,2168,2190,2277,2321,3237,3281,3303,3346,3434,3521,3695,3739,3804,3870,4044,4197,4219,4241,4263,4546,4568,4590,4612,4808,4852,4895,4939,5201,5288,5506,5681,5855,6139,6204,6248,6270,6553,6597,6619,6728,6772,6793,7186,7295,7361,7535,7644,7710,7950,7993,8299,8517|up_data=641,706,837,903,1055,1077,1099,1186,1361,1448,1666,1710,1732,2015,2146,2234,2321,3150,3194,3215,3368,3412,3543,3674,3717,3739,3783,3892,4023,4066,4372,4394,4415,4437,4721,4743,4764,4786,4983,5026,5070,5157,5593,5768,5899,6073,6161,6183,6270,6379,6423,6444,6619,6815,6859,6881,7164,7208,7230,7273,7339,7470,7492,7557,7622,7688,7819,7841,8124,8168,8342,8473|right_data=685,750,946,1121,1274,1492,1535,1557,1841,1884,1906,2081,2190,3324,3455,3499,3608,3652,3848,3957,4001,4088,4284,4328,4634,4677,5244,5332,5375,5637,5812,5986,6117,6357,6466,6510,6532,6706,6881,6990,7099,7143,7383,7404,7448,7492,7513,7732,7753,7797,7841,7862,7906,8342,8517,8648|space_data=270,794,837,968,1143,1645,1994,2364,3063,3412,3586,3761,3935,4110,4154,4284,4328,4459,4503,4634,4677,5419,5441,5463,6030,6073,6117,6139,6161,6204,6532,6903,6990,7164,7186,7208,7252,7404,7513,7535,7557,7601,7753,7862,7884,7906,8037,8059,8081,8102,8212,8233,8255,8277,8386,8408,8430,8452,8561,8582,8604,8626|frzLeft_data=|frzDown_data=|frzUp_data=|frzRight_data=|frzSpace_data=|speed_data=2975,0.00,3030,1.00|boost_data=4197,1.25,4284,1.00,4372,1.25,4459,1.00,4546,1.25,4634,1.00,4721,1.25,4808,1.00,5441,1.12,5463,1.25,5506,1.00,8037,1.25,8124,1.00,8212,1.25,8299,1.00,8386,1.25,8473,1.00,8561,1.25,8648,1.00&

|oni2_data=270,445,532,794,837,881,968,1317,1623,1841,1884,1928,1972,2190,2234,2277,2321,2364,3063,3324,3412,3586,3739,3761,3935,4808,5484,5833,6030,6073,6117,6139,6161,6903,6979,6990,7066,7077,7252,7426,7601,7775,7950,8124,8299,8473,8648|left2_data=619,685,1045,1132,1175,1263,1394,1481,1525,1612,2354,3314,3390,3543,3663,3892,4012,4110,4175,4284,4350,4372,4394,4437,4459,4524,4634,4699,4721,4743,4786,4983,5463,5768,6881,6979,7066,7121,7143,7186,7317,7492,7579,7666,7841,7906,7917,7993,8168,8277,8342,8517,8626|leftdia2_data=706,968,985,1023,1055,1072,1110,1317,1334,1372,1405,1421,1459,1634,2255,2452,3063,3095,3150,3183,3237,3270,3368,3586,3630,3935,3979,4132,4263,4306,4415,4481,4612,4655,4764,4983,5070,5441,5506,5681,6117,6193,6859,6924,6957,7012,7044,7099,7143,7197,7426,7437,7470,7492,7557,7775,7786,7841,7972,8026,8081,8146,8277,8321,8375,8430,8495,8626|down2_data=663,1034,1121,1159,1175,1219,1246,1263,1306,1383,1470,1508,1525,1568,1595,1612,2277,2310,2343,2408,2888,3303,3324,3357,3374,3390,3434,3455,3635,3652,3783,3804,3984,4001,4088,4121,4175,4197,4219,4295,4350,4426,4470,4524,4546,4568,4644,4699,4786,4895,5070,5463,5746,5812,6139,6172,6864,6881,6892,7099,7126,7164,7186,7295,7328,7404,7459,7475,7513,7524,7541,7644,7677,7753,7808,7835,7862,7873,7890,8015,8048,8070,8190,8212,8233,8364,8397,8419,8539,8561,8582|space2_data=990,1077,1197,1339,1426,1546,1623,2244,2539,2626,2844,3074,3106,3161,3194,3248,3281,3412,3597,3761,3946,4088,4263,4612,4775,5441,5528,5703,5790,5943,5964,5986,6008,6019,6837,6848,6913,6946,7001,7033,7077,7137,7175,7197,7290,7399,7486,7535,7639,7748,7824,7852,7884,7972,8146,8321,8495|up2_data=641,1001,1034,1088,1121,1143,1165,1230,1252,1285,1350,1383,1437,1470,1492,1514,1579,1601,2294,2332,2495,2757,3335,3384,3439,3450,3652,3788,3799,4001,4186,4208,4230,4361,4426,4535,4557,4579,4710,4852,4939,5026,5724,5855,5877,5899,5921,5932,6073,6183,6892,7110,7153,7164,7415,7448,7503,7546,7579,7764,7797,7895,8037,8059,8190,8222,8244,8386,8408,8539,8572,8593|rightdia2_data=1208,1295,1557,1645,2234,2266,2801,3084,3117,3172,3204,3259,3292,3379,3423,3575,3641,3772,3924,3990,4099,4132,4306,4415,4481,4655,4775,5026,5113,6161,6837,6848,6870,6903,6935,6990,7023,7088,7132,7175,7284,7393,7557,7633,7742,7819,7906,8015,8081,8201,8255,8364,8430,8550,8604|right2_data=619,1143,1230,1492,1579,2321,2714,3346,3444,3646,3794,3995,4208,4230,4437,4557,4579,4764,4808,5113,6030,6875,7317,7448,7666,7797,7928,8037,8059,8102,8255,8386,8408,8452,8604|sleftdia2_data=|sleft2_data=750,930,952,1655,1721,1732,1743,1797,1830,1874,1906,1961,2070,2081,2092,2146,2179,2223,2714,2730,2746,2801,2817,2834,2888,2904,2921,3139,3226,3477,3499,3564,3608,3674,3706,3728,3826,3848,3914,3957,4023,4055,4077,4154,4197,4219,4328,4503,4546,4568,4677,5157,5332,5419,5550,6259,6281,6341,6368,6428,6444,6455,6526,6543,6608,6630,6690,6717,6777,6793,6804,7208,7230,7241,7263,7361,7383,7612,7710,7732,7928,7939,8010,8184,8212,8233,8359,8533,8561,8582|sdown2_data=837,925,946,1666,1683,1699,1754,1775,1786,1797,1808,1830,1857,1884,1944,1972,1994,2015,2032,2048,2103,2124,2135,2146,2157,2179,2206,2768,2779,2790,2855,2866,2877,2943,2954,2964,3128,3521,3559,3701,3870,3908,4050,4066,4159,4241,4334,4508,4590,4683,5244,5375,5615,5659,6204,6221,6237,6253,6270,6352,6379,6395,6412,6433,6515,6532,6543,6553,6570,6586,6603,6619,6701,6728,6744,6761,6783,6815,6826,7213,7230,7268,7339,7361,7617,7688,7710,7950,7999,8102,8124,8173,8310,8348,8452,8484,8522|sup2_data=794,881,892,903,914,935,957,1721,1732,1743,1808,1819,1895,1917,1983,2004,2070,2081,2092,2157,2168,3215,3499,3543,3554,3674,3684,3695,3739,3848,3892,3903,4023,4034,4044,4170,4344,4383,4404,4519,4693,4732,4753,5201,5332,5419,5572,6270,6292,6308,6324,6346,6357,6444,6466,6483,6499,6521,6619,6641,6657,6673,6695,6706,6793,7224,7241,7383,7732|sright2_data=772,941,963,1666,1683,1699,1754,1770,1786,1819,1841,1928,2015,2032,2048,2103,2119,2135,2168,2190,3521,3619,3717,3870,3968,4066,4110,4241,4284,4372,4394,4459,4590,4634,4721,4743,5288,5375,5593,5637,6204,6221,6237,6264,6292,6308,6324,6357,6379,6395,6412,6439,6466,6483,6499,6532,6553,6570,6586,6613,6641,6657,6673,6706,6728,6744,6761,6788,6815,6826,7219,7252,7273,7339,7601,7622,7688,7961,7993,8135,8168,8299,8342,8473,8517|srightdia2_data=|foni2_data=|frzLeft2_data=|frzLdia2_data=|frzDown2_data=|frzSpace2_data=|frzUp2_data=|frzRdia2_data=|frzRight2_data=|sfrzLdia2_data=|sfrzLeft2_data=|sfrzDown2_data=|sfrzUp2_data=|sfrzRight2_data=|sfrzRdia2_data=|speed2_change=2975,0.00,3041,1.00|boost2_data=|

`;
}